Random symetrix matrix A =
| 32 32 54 12 | 
| 32 52 56 8 | 
| 54 56 30 44 | 
| 12 8 44 94 | 
========================================
Constructor of the EVD class is called
Rotaion nr = 1
| 8.47389 -7.10543e-15 10.3365 4.9296 | 
| 0 75.5261 77.1048 13.5536 | 
| 10.3365 77.1048 30 44 | 
| 4.9296 13.5536 44 94 | 
Rotaion nr = 2
| 4.31429 -28.7852 -1.77636e-15 -11.8531 | 
| -28.7852 75.5261 71.5302 13.5536 | 
| -1.11022e-15 71.5302 34.1596 42.6592 | 
| -11.8531 13.5536 42.6592 94 | 
Rotaion nr = 3
| 2.77419 -26.7989 5.49658 -3.55271e-15 | 
| -26.7989 75.5261 71.5302 17.1495 | 
| 5.49658 71.5302 34.1596 42.3036 | 
| -3.10862e-15 17.1495 42.3036 95.5401 | 
Rotaion nr = 4
| 2.77419 -20.4976 -18.1174 -3.55271e-15 | 
| -20.4976 -19.6176 2.13163e-14 -23.5078 | 
| -18.1174 1.06581e-14 129.303 39.129 | 
| -3.10862e-15 -23.5078 39.129 95.5401 | 
Rotaion nr = 5
| 2.77419 -20.1139 -18.1174 3.94779 | 
| -20.1139 -24.2316 7.53614 3.55271e-15 | 
| -18.1174 7.53614 129.303 38.3964 | 
| 3.94779 7.99361e-15 38.3964 100.154 | 
Rotaion nr = 6
| 2.77419 -20.1139 -13.539 -12.6697 | 
| -20.1139 -24.2316 4.28011 6.20275 | 
| -13.539 4.28011 73.6591 0 | 
| -12.6697 6.20275 -7.10543e-15 155.798 | 
Rotaion nr = 7
| -34.9546 -8.88178e-16 -2.59237 -0.486839 | 
| 1.77636e-15 13.4972 13.9608 14.0982 | 
| -2.59237 13.9608 73.6591 0 | 
| -0.486839 14.0982 -7.10543e-15 155.798 | 
Rotaion nr = 8
| -35.0164 0.332928 -2.22045e-16 -0.4867 | 
| 0.332928 13.4972 13.9568 14.0982 | 
| -6.43929e-15 13.9568 73.721 0.0116098 | 
| -0.4867 14.0982 0.0116098 155.798 | 
Rotaion nr = 9
| -35.0177 0.368886 2.96123e-05 1.11022e-16 | 
| 0.368886 13.4972 13.9568 14.0973 | 
| 2.96123e-05 13.9568 73.721 0.0116098 | 
| -2.7478e-15 14.0973 0.0116098 155.799 | 
Rotaion nr = 10
| -35.0177 0.360228 0.0794546 1.11022e-16 | 
| 0.360228 10.42 0 13.7642 | 
| 0.0794546 -7.54952e-15 76.7982 3.04666 | 
| -2.7478e-15 13.7642 3.04666 155.799 | 
Rotaion nr = 11
| -35.0177 0.358652 0.0794546 0.0336572 | 
| 0.358652 9.1283 -0.284659 0 | 
| 0.0794546 -0.284659 76.7982 3.03333 | 
| 0.0336572 -6.66134e-15 3.03333 157.091 | 
Rotaion nr = 12
| -35.0177 0.358652 0.0781293 0.0366286 | 
| 0.358652 9.1283 -0.284456 -0.010731 | 
| 0.0781293 -0.284456 76.6838 8.88178e-16 | 
| 0.0366286 -0.010731 -7.10543e-15 157.206 | 
Rotaion nr = 13
| -35.0206 -5.55112e-17 0.0804375 0.0367145 | 
| 4.27436e-15 9.13121 -0.283812 -0.0104331 | 
| 0.0804375 -0.283812 76.6838 8.88178e-16 | 
| 0.0367145 -0.0104331 -7.10543e-15 157.206 | 
Rotaion nr = 14
| -35.0207 0.000204371 0 0.0367145 | 
| 0.000204371 9.13121 -0.283812 -0.0104331 | 
| -5.28397e-15 -0.283812 76.6839 2.64378e-05 | 
| 0.0367145 -0.0104331 2.64378e-05 157.206 | 
Rotaion nr = 15
| -35.0207 0.000206364 -5.04953e-09 3.46945e-18 | 
| 0.000206364 9.13121 -0.283812 -0.010433 | 
| -5.04954e-09 -0.283812 76.6839 2.64378e-05 | 
| -2.59168e-15 -0.010433 2.64378e-05 157.206 | 
Rotaion nr = 16
| -35.0207 0.000206362 -8.72032e-07 3.46945e-18 | 
| 0.000206362 9.13002 5.55112e-17 -0.0104328 | 
| -8.72032e-07 -8.05606e-15 76.685 7.02693e-05 | 
| -2.59168e-15 -0.0104328 7.02693e-05 157.206 | 
Rotaion nr = 17
| -35.0207 0.000206362 -8.72032e-07 -1.45395e-08 | 
| 0.000206362 9.13002 4.9509e-09 5.20417e-18 | 
| -8.72032e-07 4.95089e-09 76.685 7.02693e-05 | 
| -1.45395e-08 -7.02259e-15 7.02693e-05 157.206 | 
Rotaion nr = 18
| -35.0207 0.000206362 -8.72032e-07 -1.45402e-08 | 
| 0.000206362 9.13002 4.9509e-09 4.32579e-15 | 
| -8.72032e-07 4.95089e-09 76.685 -2.71051e-20 | 
| -1.45402e-08 -2.70201e-15 -7.96559e-15 157.206 | 
Rotaion nr = 19
| -35.0207 -6.77626e-21 -8.72032e-07 -1.45402e-08 | 
| 4.30027e-15 9.13002 4.94683e-09 -6.36356e-14 | 
| -8.72032e-07 4.94682e-09 76.685 -2.71051e-20 | 
| -1.45402e-08 -7.06634e-14 -7.96559e-15 157.206 | 
Rotaion nr = 20
| -35.0207 3.86106e-17 -2.11758e-22 -1.45402e-08 | 
| 4.33889e-15 9.13002 4.94683e-09 -6.36356e-14 | 
| -5.30357e-15 4.94682e-09 76.685 1.13481e-16 | 
| -1.45402e-08 -7.06634e-14 -7.85208e-15 157.206 | 
========================================
Final diagonal matrix D =
| -35.0207 3.86106e-17 -2.11758e-22 -1.45402e-08 | 
| 4.33889e-15 9.13002 4.94683e-09 -6.36356e-14 | 
| -5.30357e-15 4.94682e-09 76.685 1.13481e-16 | 
| -1.45402e-08 -7.06634e-14 -7.85208e-15 157.206 | 
========================================
Testing the EVD class results
| 32 32 54 12 | 
| 32 52 56 8 | 
| 54 56 30 44 | 
| 12 8 44 94 | 
